fuseB737
1.000000 0.428571
0.999615 0.433252
0.998459 0.447288
0.996534 0.470656
0.993844 0.503321
0.990393 0.527142
0.986185 0.535090
0.981228 0.544454
0.975528 0.555219
0.969096 0.559247
0.961940 0.563471
0.954072 0.568116
0.945503 0.573174
0.936248 0.578363
0.926320 0.583386
0.915735 0.588742
0.904508 0.594421
0.892658 0.600417
0.880203 0.606719
0.867161 0.608466
0.853553 0.608466
0.839400 0.608466
0.824724 0.608466
0.809547 0.608466
0.793893 0.609061
0.777785 0.610790
0.761249 0.612564
0.744311 0.613757
0.726995 0.613757
0.709330 0.613757
0.691342 0.613757
0.673059 0.613757
0.654508 0.613757
0.635720 0.613757
0.616723 0.613757
0.597545 0.613757
0.578217 0.613757
0.558769 0.613757
0.539230 0.613757
0.519630 0.613757
0.500000 0.613757
0.480370 0.613757
0.460770 0.613757
0.441231 0.613757
0.421783 0.613757
0.402455 0.613757
0.383277 0.613757
0.364280 0.613757
0.345492 0.613757
0.326941 0.613757
0.308658 0.613757
0.290670 0.613757
0.273005 0.613757
0.255689 0.613757
0.238751 0.613757
0.222215 0.613757
0.206107 0.613757
0.190453 0.612630
0.175276 0.610838
0.160600 0.609105
0.146447 0.599299
0.132839 0.585019
0.119797 0.566181
0.107342 0.540608
0.095492 0.514639
0.084265 0.486573
0.073680 0.451512
0.063752 0.413420
0.054497 0.362724
0.045928 0.305644
0.038060 0.236635
0.030904 0.208475
0.024472 0.181699
0.018772 0.154785
0.013815 0.130925
0.009607 0.101121
0.006156 0.076673
0.003466 0.047280
0.001541 0.021027
0.000385 0.005259
0.000000 0.000000
0.000385 -0.005663
0.001541 -0.022644
0.003466 -0.050917
0.006156 -0.081306
0.009607 -0.103717
0.013815 -0.131038
0.018772 -0.154785
0.024472 -0.181699
0.030904 -0.204904
0.038060 -0.229685
0.045928 -0.253776
0.054497 -0.276536
0.063752 -0.299568
0.073680 -0.321893
0.084265 -0.344935
0.095492 -0.359393
0.107342 -0.374655
0.119797 -0.383012
0.132839 -0.386243
0.146447 -0.386243
0.160600 -0.386243
0.175276 -0.386243
0.190453 -0.386243
0.206107 -0.386243
0.222215 -0.386243
0.238751 -0.386243
0.255689 -0.386243
0.273005 -0.386243
0.290670 -0.386243
0.308658 -0.386243
0.326941 -0.386243
0.345492 -0.386243
0.364280 -0.386243
0.383277 -0.386243
0.402455 -0.386243
0.421783 -0.386243
0.441231 -0.386243
0.460770 -0.386243
0.480370 -0.386243
0.500000 -0.386243
0.519630 -0.386243
0.539230 -0.386243
0.558769 -0.386243
0.578217 -0.386243
0.597545 -0.386243
0.616723 -0.386243
0.635720 -0.386243
0.654508 -0.386243
0.673059 -0.386243
0.691342 -0.386243
0.709330 -0.376820
0.726995 -0.363141
0.744311 -0.340841
0.761249 -0.319026
0.777785 -0.296112
0.793893 -0.266668
0.809547 -0.238053
0.824724 -0.210310
0.839400 -0.183482
0.853553 -0.151049
0.867161 -0.116568
0.880203 -0.083522
0.892658 -0.052045
0.904508 -0.022420
0.915735 0.005646
0.926320 0.032109
0.936248 0.060066
0.945503 0.086853
0.954072 0.111652
0.961940 0.134425
0.969096 0.155808
0.975528 0.175138
0.981228 0.192265
0.986185 0.207162
0.990393 0.231383
0.993844 0.256458
0.996534 0.315827
0.998459 0.378431
0.999615 0.416031
1.000000 0.428571
