ETA 0.48
1.0000000 -0.0000000
0.9997431 -0.0000129
0.9989727 -0.0000516
0.9976896 -0.0001165
0.9958950 -0.0002084
0.9935909 -0.0003281
0.9907796 -0.0004768
0.9874640 -0.0006562
0.9836474 -0.0008676
0.9793339 -0.0011140
0.9745279 -0.0013972
0.9692342 -0.0017196
0.9634584 -0.0020859
0.9572063 -0.0024977
0.9504844 -0.0029595
0.9432997 -0.0034764
0.9356594 -0.0040504
0.9275714 -0.0046887
0.9190441 -0.0053950
0.9100861 -0.0061723
0.9007068 -0.0070309
0.8909157 -0.0079710
0.8807230 -0.0089984
0.8701390 -0.0101222
0.8591747 -0.0113412
0.8478413 -0.0126638
0.8361504 -0.0140942
0.8241142 -0.0156312
0.8117449 -0.0172848
0.7990553 -0.0190518
0.7860583 -0.0209317
0.7727675 -0.0229334
0.7591963 -0.0250466
0.7453588 -0.0272726
0.7312691 -0.0296111
0.7169419 -0.0320514
0.7023917 -0.0345928
0.6876335 -0.0372257
0.6726825 -0.0399392
0.6575541 -0.0427282
0.6422638 -0.0455765
0.6268273 -0.0484726
0.6112605 -0.0514030
0.5955793 -0.0543517
0.5797999 -0.0573026
0.5639386 -0.0602371
0.5480115 -0.0631407
0.5320351 -0.0659898
0.5160258 -0.0687682
0.5000000 -0.0714620
0.4839742 -0.0740370
0.4679649 -0.0764894
0.4519885 -0.0787974
0.4360614 -0.0809330
0.4202001 -0.0828957
0.4044207 -0.0846568
0.3887395 -0.0862036
0.3731727 -0.0875368
0.3577362 -0.0886195
0.3424459 -0.0894628
0.3273175 -0.0900619
0.3123665 -0.0903838
0.2976083 -0.0904564
0.2830581 -0.0902648
0.2687309 -0.0898013
0.2546412 -0.0890917
0.2408037 -0.0881162
0.2272325 -0.0868945
0.2139417 -0.0854475
0.2009447 -0.0837519
0.1882551 -0.0818523
0.1758858 -0.0797561
0.1638496 -0.0774598
0.1521587 -0.0750056
0.1408253 -0.0723938
0.1298610 -0.0696423
0.1192770 -0.0667838
0.1090843 -0.0638131
0.0992932 -0.0607642
0.0899139 -0.0576582
0.0809559 -0.0544879
0.0724286 -0.0512939
0.0643406 -0.0480819
0.0567003 -0.0448564
0.0495156 -0.0416465
0.0427937 -0.0384465
0.0365416 -0.0352702
0.0307658 -0.0321372
0.0254721 -0.0290242
0.0206661 -0.0259591
0.0163526 -0.0229453
0.0125360 -0.0199516
0.0092204 -0.0170153
0.0064091 -0.0141140
0.0041050 -0.0112267
0.0023104 -0.0084011
0.0010273 -0.0055523
0.0002569 -0.0026636
0.0000000 -0.0000000
0.0002569 0.0032331
0.0010273 0.0067143
0.0023104 0.0100966
0.0041050 0.0133739
0.0064091 0.0166310
0.0092204 0.0197861
0.0125360 0.0228478
0.0163526 0.0258329
0.0206661 0.0286769
0.0254721 0.0314166
0.0307658 0.0340446
0.0365416 0.0365205
0.0427937 0.0388845
0.0495156 0.0411178
0.0567003 0.0432159
0.0643406 0.0452034
0.0724286 0.0470633
0.0809559 0.0488143
0.0899139 0.0504714
0.0992932 0.0520216
0.1090843 0.0534956
0.1192770 0.0548985
0.1298610 0.0562330
0.1408253 0.0575212
0.1521587 0.0587664
0.1638496 0.0599795
0.1758858 0.0611731
0.1882551 0.0623496
0.2009447 0.0635197
0.2139417 0.0646884
0.2272325 0.0658564
0.2408037 0.0670287
0.2546412 0.0682041
0.2687309 0.0693799
0.2830581 0.0705543
0.2976083 0.0717198
0.3123665 0.0728696
0.3273175 0.0739972
0.3424459 0.0750865
0.3577362 0.0761307
0.3731727 0.0771178
0.3887395 0.0780263
0.4044207 0.0788518
0.4202001 0.0795744
0.4360614 0.0801768
0.4519885 0.0806550
0.4679649 0.0809815
0.4839742 0.0811519
0.5000000 0.0811619
0.5160258 0.0809765
0.5320351 0.0806117
0.5480115 0.0800542
0.5639386 0.0792862
0.5797999 0.0783255
0.5955793 0.0771556
0.6112605 0.0757814
0.6268273 0.0742196
0.6422638 0.0724526
0.6575541 0.0705081
0.6726825 0.0683973
0.6876335 0.0661129
0.7023917 0.0636918
0.7169419 0.0611398
0.7312691 0.0584702
0.7453588 0.0557132
0.7591963 0.0528754
0.7727675 0.0499832
0.7860583 0.0470598
0.7990553 0.0441142
0.8117449 0.0411763
0.8241142 0.0382619
0.8361504 0.0353868
0.8478413 0.0325717
0.8591747 0.0298303
0.8701390 0.0271780
0.8807230 0.0246264
0.8909157 0.0221883
0.9007068 0.0198717
0.9100861 0.0176827
0.9190441 0.0156313
0.9275714 0.0137166
0.9356594 0.0119420
0.9432997 0.0103101
0.9504844 0.0088157
0.9572063 0.0074599
0.9634584 0.0062378
0.9692342 0.0051429
0.9745279 0.0041741
0.9793339 0.0033218
0.9836474 0.0025805
0.9874640 0.0019458
0.9907796 0.0014094
0.9935909 0.0009667
0.9958950 0.0006123
0.9976896 0.0003415
0.9989727 0.0001509
0.9997431 0.0000376
1.0000000 0.0000000
