ETA 0.22
1.0000000 -0.0000000
0.9997431 -0.0000129
0.9989727 -0.0000523
0.9976896 -0.0001200
0.9958950 -0.0002194
0.9935909 -0.0003545
0.9907796 -0.0005309
0.9874640 -0.0007555
0.9836474 -0.0010340
0.9793339 -0.0013773
0.9745279 -0.0017919
0.9692342 -0.0022862
0.9634584 -0.0028743
0.9572063 -0.0035603
0.9504844 -0.0043562
0.9432997 -0.0052736
0.9356594 -0.0063156
0.9275714 -0.0074972
0.9190441 -0.0088227
0.9100861 -0.0102948
0.9007068 -0.0119302
0.8909157 -0.0137229
0.8807230 -0.0156779
0.8701390 -0.0178040
0.8591747 -0.0200917
0.8478413 -0.0225461
0.8361504 -0.0251639
0.8241142 -0.0279355
0.8117449 -0.0308629
0.7990553 -0.0339325
0.7860583 -0.0371347
0.7727675 -0.0404649
0.7591963 -0.0439046
0.7453588 -0.0474431
0.7312691 -0.0510662
0.7169419 -0.0547573
0.7023917 -0.0585004
0.6876335 -0.0622776
0.6726825 -0.0660735
0.6575541 -0.0698644
0.6422638 -0.0736366
0.6268273 -0.0773722
0.6112605 -0.0810442
0.5955793 -0.0846448
0.5797999 -0.0881501
0.5639386 -0.0915396
0.5480115 -0.0948074
0.5320351 -0.0979228
0.5160258 -0.1008793
0.5000000 -0.1036706
0.4839742 -0.1062576
0.4679649 -0.1086543
0.4519885 -0.1108432
0.4360614 -0.1128014
0.4202001 -0.1145424
0.4044207 -0.1160424
0.3887395 -0.1172990
0.3731727 -0.1183225
0.3577362 -0.1190827
0.3424459 -0.1195996
0.3273175 -0.1198749
0.3123665 -0.1198825
0.2976083 -0.1196546
0.2830581 -0.1191804
0.2687309 -0.1184556
0.2546412 -0.1175060
0.2408037 -0.1163134
0.2272325 -0.1148953
0.2139417 -0.1132696
0.2009447 -0.1114104
0.1882551 -0.1093557
0.1758858 -0.1071077
0.1638496 -0.1046545
0.1521587 -0.1020317
0.1408253 -0.0992300
0.1298610 -0.0962574
0.1192770 -0.0931406
0.1090843 -0.0898594
0.0992932 -0.0864423
0.0899139 -0.0829048
0.0809559 -0.0792193
0.0724286 -0.0754317
0.0643406 -0.0715369
0.0567003 -0.0675266
0.0495156 -0.0634394
0.0427937 -0.0592536
0.0365416 -0.0549858
0.0307658 -0.0506667
0.0254721 -0.0462495
0.0206661 -0.0417874
0.0163526 -0.0372892
0.0125360 -0.0327037
0.0092204 -0.0281086
0.0064091 -0.0234739
0.0041050 -0.0187766
0.0023104 -0.0141147
0.0010273 -0.0093584
0.0002569 -0.0044982
0.0000000 -0.0000000
0.0002569 0.0032554
0.0010273 0.0067594
0.0023104 0.0101614
0.0041050 0.0134543
0.0064091 0.0167226
0.0092204 0.0198830
0.0125360 0.0229439
0.0163526 0.0259219
0.0206661 0.0287519
0.0254721 0.0314715
0.0307658 0.0340737
0.0365416 0.0365189
0.0427937 0.0388488
0.0495156 0.0410459
0.0567003 0.0431075
0.0643406 0.0450602
0.0724286 0.0468894
0.0809559 0.0486161
0.0899139 0.0502571
0.0992932 0.0518036
0.1090843 0.0532871
0.1192770 0.0547155
0.1298610 0.0560950
0.1408253 0.0574479
0.1521587 0.0587806
0.1638496 0.0601054
0.1758858 0.0614348
0.1882551 0.0627741
0.2009447 0.0641325
0.2139417 0.0655146
0.2272325 0.0669226
0.2408037 0.0683578
0.2546412 0.0698182
0.2687309 0.0712995
0.2830581 0.0727959
0.2976083 0.0742979
0.3123665 0.0757944
0.3273175 0.0772754
0.3424459 0.0787202
0.3577362 0.0801180
0.3731727 0.0814523
0.3887395 0.0826957
0.4044207 0.0838407
0.4202001 0.0848622
0.4360614 0.0857375
0.4519885 0.0864610
0.4679649 0.0869980
0.4839742 0.0873426
0.5000000 0.0874894
0.5160258 0.0873949
0.5320351 0.0870793
0.5480115 0.0865262
0.5639386 0.0857146
0.5797999 0.0846666
0.5955793 0.0833631
0.6112605 0.0818110
0.6268273 0.0800317
0.6422638 0.0780054
0.6575541 0.0757667
0.6726825 0.0733306
0.6876335 0.0706906
0.7023917 0.0678920
0.7169419 0.0649438
0.7312691 0.0618640
0.7453588 0.0586894
0.7591963 0.0554309
0.7727675 0.0521206
0.7860583 0.0487866
0.7990553 0.0454435
0.8117449 0.0421251
0.8241142 0.0388514
0.8361504 0.0356434
0.8478413 0.0325231
0.8591747 0.0295083
0.8701390 0.0266166
0.8807230 0.0238594
0.8909157 0.0212530
0.9007068 0.0188036
0.9100861 0.0165160
0.9190441 0.0144030
0.9275714 0.0124578
0.9356594 0.0106830
0.9432997 0.0090799
0.9504844 0.0076373
0.9572063 0.0063553
0.9634584 0.0052240
0.9692342 0.0042320
0.9745279 0.0033763
0.9793339 0.0026413
0.9836474 0.0020176
0.9874640 0.0014979
0.9907796 0.0010691
0.9935909 0.0007236
0.9958950 0.0004533
0.9976896 0.0002504
0.9989727 0.0001099
0.9997431 0.0000273
1.0000000 0.0000000
