ETA 0.7
1.0000000 -0.0000000
0.9997431 -0.0000129
0.9989727 -0.0000514
0.9976896 -0.0001159
0.9958950 -0.0002065
0.9935909 -0.0003235
0.9907796 -0.0004675
0.9874640 -0.0006388
0.9836474 -0.0008382
0.9793339 -0.0010666
0.9745279 -0.0013249
0.9692342 -0.0016139
0.9634584 -0.0019355
0.9572063 -0.0022905
0.9504844 -0.0026808
0.9432997 -0.0031084
0.9356594 -0.0035743
0.9275714 -0.0040817
0.9190441 -0.0046322
0.9100861 -0.0052272
0.9007068 -0.0058716
0.8909157 -0.0065654
0.8807230 -0.0073113
0.8701390 -0.0081138
0.8591747 -0.0089724
0.8478413 -0.0098911
0.8361504 -0.0108722
0.8241142 -0.0119149
0.8117449 -0.0130246
0.7990553 -0.0141996
0.7860583 -0.0154396
0.7727675 -0.0167497
0.7591963 -0.0181245
0.7453588 -0.0195647
0.7312691 -0.0210706
0.7169419 -0.0226365
0.7023917 -0.0242625
0.6876335 -0.0259437
0.6726825 -0.0276743
0.6575541 -0.0294522
0.6422638 -0.0312686
0.6268273 -0.0331175
0.6112605 -0.0349922
0.5955793 -0.0368837
0.5797999 -0.0387836
0.5639386 -0.0406820
0.5480115 -0.0425705
0.5320351 -0.0444367
0.5160258 -0.0462711
0.5000000 -0.0480654
0.4839742 -0.0498015
0.4679649 -0.0514756
0.4519885 -0.0530753
0.4360614 -0.0545846
0.4202001 -0.0560017
0.4044207 -0.0573098
0.3887395 -0.0585004
0.3731727 -0.0595721
0.3577362 -0.0605030
0.3424459 -0.0612971
0.3273175 -0.0619498
0.3123665 -0.0624402
0.2976083 -0.0627819
0.2830581 -0.0629639
0.2687309 -0.0629787
0.2546412 -0.0628392
0.2408037 -0.0625302
0.2272325 -0.0620604
0.2139417 -0.0614399
0.2009447 -0.0606495
0.1882551 -0.0597145
0.1758858 -0.0586360
0.1638496 -0.0574065
0.1521587 -0.0560510
0.1408253 -0.0545647
0.1298610 -0.0529555
0.1192770 -0.0512429
0.1090843 -0.0494171
0.0992932 -0.0474996
0.0899139 -0.0455029
0.0809559 -0.0434143
0.0724286 -0.0412647
0.0643406 -0.0390544
0.0567003 -0.0367825
0.0495156 -0.0344734
0.0427937 -0.0321183
0.0365416 -0.0297285
0.0307658 -0.0273225
0.0254721 -0.0248773
0.0206661 -0.0224218
0.0163526 -0.0199611
0.0125360 -0.0174687
0.0092204 -0.0149845
0.0064091 -0.0124921
0.0041050 -0.0099779
0.0023104 -0.0074917
0.0010273 -0.0049630
0.0002569 -0.0023843
0.0000000 -0.0000000
0.0002569 0.0030695
0.0010273 0.0063765
0.0023104 0.0095936
0.0041050 0.0127172
0.0064091 0.0158292
0.0092204 0.0188538
0.0125360 0.0218005
0.0163526 0.0246860
0.0206661 0.0274504
0.0254721 0.0301287
0.0307658 0.0327140
0.0365416 0.0351683
0.0427937 0.0375287
0.0495156 0.0397768
0.0567003 0.0419069
0.0643406 0.0439410
0.0724286 0.0458613
0.0809559 0.0476834
0.0899139 0.0494196
0.0992932 0.0510545
0.1090843 0.0526155
0.1192770 0.0541050
0.1298610 0.0555218
0.1408253 0.0568858
0.1521587 0.0581968
0.1638496 0.0594627
0.1758858 0.0606946
0.1882551 0.0618909
0.2009447 0.0630615
0.2139417 0.0642105
0.2272325 0.0653347
0.2408037 0.0664412
0.2546412 0.0675275
0.2687309 0.0685902
0.2830581 0.0696299
0.2976083 0.0706388
0.3123665 0.0716122
0.3273175 0.0725464
0.3424459 0.0734261
0.3577362 0.0742486
0.3731727 0.0750047
0.3887395 0.0756757
0.4044207 0.0762612
0.4202001 0.0767446
0.4360614 0.0771128
0.4519885 0.0773645
0.4679649 0.0774770
0.4839742 0.0774484
0.5000000 0.0772769
0.5160258 0.0769332
0.5320351 0.0764330
0.5480115 0.0757658
0.5639386 0.0749176
0.5797999 0.0739046
0.5955793 0.0727134
0.6112605 0.0713490
0.6268273 0.0698260
0.6422638 0.0681299
0.6575541 0.0662843
0.6726825 0.0642991
0.6876335 0.0621679
0.7023917 0.0599220
0.7169419 0.0575661
0.7312691 0.0551111
0.7453588 0.0525826
0.7591963 0.0499855
0.7727675 0.0473419
0.7860583 0.0446714
0.7990553 0.0419806
0.8117449 0.0392951
0.8241142 0.0366281
0.8361504 0.0339922
0.8478413 0.0314056
0.8591747 0.0288795
0.8701390 0.0264268
0.8807230 0.0240586
0.8909157 0.0217848
0.9007068 0.0196137
0.9100861 0.0175509
0.9190441 0.0156050
0.9275714 0.0137768
0.9356594 0.0120701
0.9432997 0.0104876
0.9504844 0.0090269
0.9572063 0.0076894
0.9634584 0.0064725
0.9692342 0.0053721
0.9745279 0.0043880
0.9793339 0.0035138
0.9836474 0.0027461
0.9874640 0.0020819
0.9907796 0.0015156
0.9935909 0.0010442
0.9958950 0.0006639
0.9976896 0.0003714
0.9989727 0.0001644
0.9997431 0.0000410
1.0000000 0.0000000
