ETA 0.32
1.0000000 -0.0000000
0.9997431 -0.0000129
0.9989727 -0.0000519
0.9976896 -0.0001182
0.9958950 -0.0002136
0.9935909 -0.0003406
0.9907796 -0.0005025
0.9874640 -0.0007033
0.9836474 -0.0009467
0.9793339 -0.0012393
0.9745279 -0.0015853
0.9692342 -0.0019900
0.9634584 -0.0024628
0.9572063 -0.0030067
0.9504844 -0.0036299
0.9432997 -0.0043410
0.9356594 -0.0051427
0.9275714 -0.0060465
0.9190441 -0.0070568
0.9100861 -0.0081767
0.9007068 -0.0094205
0.8909157 -0.0107858
0.8807230 -0.0122787
0.8701390 -0.0139089
0.8591747 -0.0156717
0.8478413 -0.0175748
0.8361504 -0.0196197
0.8241142 -0.0218011
0.8117449 -0.0241268
0.7990553 -0.0265886
0.7860583 -0.0291819
0.7727675 -0.0319106
0.7591963 -0.0347597
0.7453588 -0.0377254
0.7312691 -0.0408012
0.7169419 -0.0439726
0.7023917 -0.0472323
0.6876335 -0.0505659
0.6726825 -0.0539596
0.6575541 -0.0573993
0.6422638 -0.0608685
0.6268273 -0.0643518
0.6112605 -0.0678282
0.5955793 -0.0712839
0.5797999 -0.0746978
0.5639386 -0.0780487
0.5480115 -0.0813245
0.5320351 -0.0844960
0.5160258 -0.0875502
0.5000000 -0.0904750
0.4839742 -0.0932310
0.4679649 -0.0958219
0.4519885 -0.0982261
0.4360614 -0.1004151
0.4202001 -0.1023949
0.4044207 -0.1041364
0.3887395 -0.1056306
0.3731727 -0.1068829
0.3577362 -0.1078561
0.3424459 -0.1085666
0.3273175 -0.1090126
0.3123665 -0.1091615
0.2976083 -0.1090461
0.2830581 -0.1086524
0.2687309 -0.1079743
0.2546412 -0.1070401
0.2408037 -0.1058300
0.2272325 -0.1043647
0.2139417 -0.1026664
0.2009447 -0.1007095
0.1882551 -0.0985399
0.1758858 -0.0961641
0.1638496 -0.0935757
0.1521587 -0.0908176
0.1408253 -0.0878868
0.1298610 -0.0847993
0.1192770 -0.0815876
0.1090843 -0.0782411
0.0992932 -0.0747940
0.0899139 -0.0712666
0.0809559 -0.0676440
0.0724286 -0.0639712
0.0643406 -0.0602503
0.0567003 -0.0564811
0.0495156 -0.0526982
0.0427937 -0.0488894
0.0365416 -0.0450700
0.0307658 -0.0412651
0.0254721 -0.0374407
0.0206661 -0.0336358
0.0163526 -0.0298557
0.0125360 -0.0260595
0.0092204 -0.0223016
0.0064091 -0.0185552
0.0041050 -0.0147966
0.0023104 -0.0110952
0.0010273 -0.0073435
0.0002569 -0.0035260
0.0000000 -0.0000000
0.0002569 0.0032772
0.0010273 0.0068048
0.0023104 0.0102303
0.0041050 0.0135466
0.0064091 0.0168390
0.0092204 0.0200238
0.0125360 0.0231092
0.0163526 0.0261121
0.0206661 0.0289666
0.0254721 0.0317103
0.0307658 0.0343359
0.0365416 0.0368029
0.0427937 0.0391528
0.0495156 0.0413671
0.0567003 0.0434425
0.0643406 0.0454049
0.0724286 0.0472388
0.0809559 0.0489643
0.0899139 0.0505977
0.0992932 0.0521286
0.1090843 0.0535886
0.1192770 0.0549845
0.1298610 0.0563215
0.1408253 0.0576222
0.1521587 0.0588919
0.1638496 0.0601429
0.1758858 0.0613879
0.1882551 0.0626317
0.2009447 0.0638842
0.2139417 0.0651505
0.2272325 0.0664329
0.2408037 0.0677341
0.2546412 0.0690531
0.2687309 0.0703864
0.2830581 0.0717301
0.2976083 0.0730759
0.3123665 0.0744145
0.3273175 0.0757375
0.3424459 0.0770265
0.3577362 0.0782721
0.3731727 0.0794597
0.3887395 0.0805647
0.4044207 0.0815804
0.4202001 0.0824840
0.4360614 0.0832551
0.4519885 0.0838882
0.4679649 0.0843518
0.4839742 0.0846402
0.5000000 0.0847482
0.5160258 0.0846357
0.5320351 0.0843208
0.5480115 0.0837882
0.5639386 0.0830179
0.5797999 0.0820299
0.5955793 0.0808059
0.6112605 0.0793517
0.6268273 0.0776865
0.6422638 0.0757910
0.6575541 0.0736968
0.6726825 0.0714172
0.6876335 0.0689449
0.7023917 0.0663217
0.7169419 0.0635550
0.7312691 0.0606607
0.7453588 0.0576729
0.7591963 0.0546004
0.7727675 0.0514729
0.7860583 0.0483166
0.7990553 0.0451435
0.8117449 0.0419859
0.8241142 0.0388623
0.8361504 0.0357913
0.8478413 0.0327946
0.8591747 0.0298884
0.8701390 0.0270893
0.8807230 0.0244092
0.8909157 0.0218629
0.9007068 0.0194577
0.9100861 0.0171990
0.9190441 0.0150986
0.9275714 0.0131523
0.9356594 0.0113635
0.9432997 0.0097338
0.9504844 0.0082551
0.9572063 0.0069278
0.9634584 0.0057445
0.9692342 0.0046958
0.9745279 0.0037797
0.9793339 0.0029834
0.9836474 0.0022991
0.9874640 0.0017210
0.9907796 0.0012380
0.9935909 0.0008439
0.9958950 0.0005319
0.9976896 0.0002953
0.9989727 0.0001301
0.9997431 0.0000323
1.0000000 0.0000000
