ETA 0.82
1.0000000 -0.0000000
0.9997431 -0.0000128
0.9989727 -0.0000514
0.9976896 -0.0001156
0.9958950 -0.0002055
0.9935909 -0.0003211
0.9907796 -0.0004624
0.9874640 -0.0006294
0.9836474 -0.0008221
0.9793339 -0.0010408
0.9745279 -0.0012854
0.9692342 -0.0015562
0.9634584 -0.0018535
0.9572063 -0.0021776
0.9504844 -0.0025287
0.9432997 -0.0029076
0.9356594 -0.0033146
0.9275714 -0.0037505
0.9190441 -0.0042161
0.9100861 -0.0047117
0.9007068 -0.0052392
0.8909157 -0.0057987
0.8807230 -0.0063911
0.8701390 -0.0070184
0.8591747 -0.0076803
0.8478413 -0.0083788
0.8361504 -0.0091147
0.8241142 -0.0098879
0.8117449 -0.0107008
0.7990553 -0.0115529
0.7860583 -0.0124440
0.7727675 -0.0133768
0.7591963 -0.0143487
0.7453588 -0.0153604
0.7312691 -0.0164121
0.7169419 -0.0175012
0.7023917 -0.0186279
0.6876335 -0.0197899
0.6726825 -0.0209844
0.6575541 -0.0222107
0.6422638 -0.0234642
0.6268273 -0.0247419
0.6112605 -0.0260408
0.5955793 -0.0273557
0.5797999 -0.0286824
0.5639386 -0.0300156
0.5480115 -0.0313504
0.5320351 -0.0326804
0.5160258 -0.0339999
0.5000000 -0.0353037
0.4839742 -0.0365821
0.4679649 -0.0378317
0.4519885 -0.0390451
0.4360614 -0.0402128
0.4202001 -0.0413323
0.4044207 -0.0423933
0.3887395 -0.0433895
0.3731727 -0.0443186
0.3577362 -0.0451667
0.3424459 -0.0459339
0.3273175 -0.0466160
0.3123665 -0.0471983
0.2976083 -0.0476868
0.2830581 -0.0480725
0.2687309 -0.0483482
0.2546412 -0.0485197
0.2408037 -0.0485742
0.2272325 -0.0485145
0.2139417 -0.0483448
0.2009447 -0.0480482
0.1882551 -0.0476394
0.1758858 -0.0471159
0.1638496 -0.0464683
0.1521587 -0.0457120
0.1408253 -0.0448398
0.1298610 -0.0438535
0.1192770 -0.0427661
0.1090843 -0.0415648
0.0992932 -0.0402644
0.0899139 -0.0388727
0.0809559 -0.0373742
0.0724286 -0.0357943
0.0643406 -0.0341303
0.0567003 -0.0323786
0.0495156 -0.0305608
0.0427937 -0.0286665
0.0365416 -0.0267058
0.0307658 -0.0246964
0.0254721 -0.0226154
0.0206661 -0.0204923
0.0163526 -0.0183334
0.0125360 -0.0161144
0.0092204 -0.0138768
0.0064091 -0.0116074
0.0041050 -0.0092967
0.0023104 -0.0069957
0.0010273 -0.0046416
0.0002569 -0.0022320
0.0000000 -0.0000000
0.0002569 0.0029802
0.0010273 0.0061922
0.0023104 0.0093192
0.0041050 0.0123590
0.0064091 0.0153919
0.0092204 0.0183453
0.0125360 0.0212292
0.0163526 0.0240604
0.0206661 0.0267814
0.0254721 0.0294262
0.0307658 0.0319882
0.0365416 0.0344308
0.0427937 0.0367892
0.0495156 0.0390453
0.0567003 0.0411928
0.0643406 0.0432524
0.0724286 0.0452057
0.0809559 0.0470665
0.0899139 0.0488459
0.0992932 0.0505270
0.1090843 0.0521355
0.1192770 0.0536721
0.1298610 0.0551338
0.1408253 0.0565393
0.1521587 0.0578861
0.1638496 0.0591808
0.1758858 0.0604337
0.1882551 0.0616408
0.2009447 0.0628116
0.2139417 0.0639499
0.2272325 0.0650502
0.2408037 0.0661208
0.2546412 0.0671585
0.2687309 0.0681594
0.2830581 0.0691258
0.2976083 0.0700492
0.3123665 0.0709264
0.3273175 0.0717551
0.3424459 0.0725204
0.3577362 0.0732221
0.3731727 0.0738520
0.3887395 0.0743936
0.4044207 0.0748481
0.4202001 0.0752011
0.4360614 0.0754415
0.4519885 0.0755697
0.4679649 0.0755654
0.4839742 0.0754284
0.5000000 0.0751578
0.5160258 0.0747277
0.5320351 0.0741536
0.5480115 0.0734267
0.5639386 0.0725347
0.5797999 0.0714932
0.5955793 0.0702904
0.6112605 0.0689313
0.6268273 0.0674295
0.6422638 0.0657720
0.6575541 0.0639805
0.6726825 0.0620637
0.6876335 0.0600161
0.7023917 0.0578658
0.7169419 0.0556168
0.7312691 0.0532789
0.7453588 0.0508750
0.7591963 0.0484092
0.7727675 0.0459012
0.7860583 0.0433686
0.7990553 0.0408168
0.8117449 0.0382690
0.8241142 0.0357369
0.8361504 0.0332315
0.8478413 0.0307695
0.8591747 0.0283608
0.8701390 0.0260171
0.8807230 0.0237488
0.8909157 0.0215648
0.9007068 0.0194729
0.9100861 0.0174791
0.9190441 0.0155906
0.9275714 0.0138097
0.9356594 0.0121400
0.9432997 0.0105845
0.9504844 0.0091421
0.9572063 0.0078146
0.9634584 0.0066005
0.9692342 0.0054971
0.9745279 0.0045046
0.9793339 0.0036186
0.9836474 0.0028364
0.9874640 0.0021562
0.9907796 0.0015736
0.9935909 0.0010865
0.9958950 0.0006920
0.9976896 0.0003877
0.9989727 0.0001718
0.9997431 0.0000429
1.0000000 0.0000000
